; Assura generated file -- DO NOT EDIT --
; Do NOT rely on the content of this file, it may change.
;
2 statistics extraction device net pin parameter rewire total
stat extr dev net pin param rewire total 
none matched expanded errors param_err pin_err empty_sch empty_lay not_run 
00000005
22 top layout MINIMAL_TOP 1 0 0 0 1 135 1 164 1 197 1 227 1 261 1 293 1 325 1 357 1 395 1 433 1 471 1 497 1 524 1 552 1 579 1 607 1 634 1 665 1 700 1 727 1 755 1 787 1 819 1 851 1 885 1 919 1 953 1 985 1 1017 1 1049 1 1081 1 1113 1 1145 1 1171 1 1196 1 1223 1 1250 1 1277 1 1303 1 1334 1 1365 1 1390 1 1414 1 1440 1 1472 1 1504 1 1533 1 1566 1 1594 1 1623 1 1652 1 1679 1 1706 1 1735 1 1763 1 1791 1 1819 1 1847 1 1875 1 1903 1 1931 1 1960 1 1989 1 2018 1 2046 1 2074 1 2102 1 2130 1 2159 1 2188 1 2219 1 2251 1 2283 1 2311 1 2339 1 2367 1 2396 1 2425 1 2454 1 2483 1 2512 1 2541 1 2570 1 2599 1 2629 1 2657 1 2685 1 2714 1 2742 1 2771 1 2801 1 2831 1 2861 1 2891 1 2921 1 2951 1 2981 1 3011 1 3040 1 3068 1 3096 1 3124 1 3153 1 3182 1 3212 1 3245 1 3278 1 3306 1 3337 1 3366 1 3394 1 3423 1 3452 1 3481 1 3510 1 3538 1 3567 1 3607 1 3648 1 3686 1 3725 1 3757 1 3791 1 3825 1 3857 1 3891
30 VSUBALLP_HV layout IOLIB_HV_4M 2 0 0 0 1 3925 1 3983 1 4045 1 4107 1 4170
35 AVDD3ALLP_HV layout IOLIB_ANA_HV_4M 3 0 0 0 1 4233
32 APRIOP_HV layout IOLIB_ANA_HV_4M 4 0 0 0 1 4294
35 AGND3ALLP_HV layout IOLIB_ANA_HV_4M 5 0 0 0 1 4351
30 VSUBALLP_HV layout IOLIB_HV_4M 2 0 0 0 1 4412 1 4470 1 4532 1 4594 1 4657
35 AVDD3ALLP_HV layout IOLIB_ANA_HV_4M 3 0 0 0 1 4720
32 APRIOP_HV layout IOLIB_ANA_HV_4M 4 0 0 0 1 4781
35 AGND3ALLP_HV layout IOLIB_ANA_HV_4M 5 0 0 0 1 4838
